
type: stereo_camera
car: j7-00007
date: "20200416"
sensor_name: front_left_right_camera
upside_down: 0
height: 604
width: 960
R: !!opencv-matrix
   rows: 3
   cols: 3
   dt: d
   data: [ 9.9960185049864914e-01, 6.1352966871256100e-03,
       2.7540853549549740e-02, -6.0946629563711965e-03,
       9.9998021195137832e-01, -1.5590988182427323e-03,
       -2.7549874103614966e-02, 1.3906258439101908e-03,
       9.9961946289407411e-01 ]
T: !!opencv-matrix
   rows: 3
   cols: 1
   dt: d
   data: [ -1.2259573820071508e+00, 1.0043041255459850e-02,
       4.9847082829928779e-02 ]
R1: !!opencv-matrix
   rows: 3
   cols: 3
   dt: d
   data: [ 9.9991223239373117e-01, -2.1112670968794975e-03,
       -1.3079375391450277e-02, 2.1015481021667355e-03,
       9.9999750538865528e-01, -7.5677740504031578e-04,
       1.3080940522726967e-02, 7.2922404796759029e-04,
       9.9991417493069312e-01 ]
R2: !!opencv-matrix
   rows: 3
   cols: 3
   dt: d
   data: [ 9.9914094742480819e-01, -8.1849613226990751e-03,
       -4.0624790303488714e-02, 8.2151504581003103e-03,
       9.9996608905278550e-01, 5.7623556604500018e-04,
       4.0618696212548294e-02, -9.0947931406998479e-04,
       9.9917430629764004e-01 ]
P1: !!opencv-matrix
   rows: 3
   cols: 4
   dt: d
   data: [ 9.3748349249380465e+02, 0., 5.1145997619628906e+02,
       -1.1503029788688730e+03, 0., 9.3748349249380465e+02,
       3.0212279129028320e+02, 0., 0., 0., 1., 0. ]
P2: !!opencv-matrix
   rows: 3
   cols: 4
   dt: d
   data: [ 9.3746650114941917e+02, 0., 5.1074303054809570e+02,
       -1.1502821302947723e+03, 0., 9.3746650114941917e+02,
       3.0212189865112305e+02, 0., 0., 0., 1., 0. ]
Q: !!opencv-matrix
   rows: 4
   cols: 4
   dt: d
   data: [ 1., 0., 0., -5.1145997619628906e+02, 0., 1., 0.,
       -3.0212279129028320e+02, 0., 0., 0., 9.3748349249380465e+02, 0.,
       0., 8.1498832022121681e-01, 0. ]
M1: !!opencv-matrix
   rows: 3
   cols: 3
   dt: d
   data: [ 9.8199486975572279e+02, 0., 480., 0., 9.8422448461090687e+02,
       302., 0., 0., 1. ]
M2: !!opencv-matrix
   rows: 3
   cols: 3
   dt: d
   data: [ 9.8860019735671119e+02, 0., 480., 0., 9.9134114444328088e+02,
       302., 0., 0., 1. ]
D1: !!opencv-matrix
   rows: 5
   cols: 1
   dt: d
   data: [ -5.3578877214180853e-01, 1.7871859973601059e-01, 0., 0., 0. ]
D2: !!opencv-matrix
   rows: 5
   cols: 1
   dt: d
   data: [ -5.5450702400413820e-01, 1.6672241103428787e-01, 0., 0., 0. ]
Tr_cam_to_imu: !!opencv-matrix
   rows: 4
   cols: 4
   dt: d
   data: [ -3.9315214714881030e-02, -1.3373088093831784e-01,
       9.9023752977524759e-01, 4.5000000000000000e+00,
       -9.9920987982092468e-01, 1.1032648882099372e-02,
       -3.8181490783211591e-02, 6.1297869100357538e-01,
       -5.8189015835523605e-03, -9.9095624685287476e-01,
       -1.3405889272689822e-01, 1.9800000000000000e+00, 0., 0., 0., 1. ]
