
type: stereo_camera
car: j7-00007
date: "20200622"
sensor_name: front_left_right_camera
upside_down: 0
height: 604
width: 960
R:
   rows: 3
   cols: 3
   dt: d
   data: [ 9.9963630113804558e-01, 7.0655059367501216e-03,
       2.6025834720617161e-02, -7.0183532703610163e-03,
       9.9997356094334011e-01, -1.9026643604786869e-03,
       -2.6038589908432840e-02, 1.7193138613906494e-03,
       9.9965945991393823e-01 ]
T:
   rows: 3
   cols: 1
   dt: d
   data: [ -1.2245329570079002e+00, 1.2961966312141748e-02,
       6.7060452010913041e-02 ]
R1:
   rows: 3
   cols: 3
   dt: d
   data: [ 9.9958285135965519e-01, -3.6079954393957322e-03,
       -2.8654940876062827e-02, 3.5855099070576557e-03,
       9.9999322255222767e-01, -8.3604325075078403e-04,
       2.8657763108933476e-02, 7.3295192204818804e-04,
       9.9958901324247862e-01 ]
R2:
   rows: 3
   cols: 3
   dt: d
   data: [ 9.9844804314582025e-01, -1.0568804886479242e-02,
       -5.4679113942654248e-02, 1.0627905188373366e-02,
       9.9994321000927189e-01, 7.9018204223789401e-04,
       5.4667657436451224e-02, -1.3700801525681882e-03,
       9.9850366554699554e-01 ]
P1:
   rows: 3
   cols: 4
   dt: d
   data: [ 9.3837761598678162e+02, 0., 5.3955219268798828e+02, 0., 0.,
       9.3837761598678162e+02, 3.0211390304565430e+02, 0., 0., 0., 1.,
       0. ]
P2:
   rows: 3
   cols: 4
   dt: d
   data: [ 9.3837761598678162e+02, 0., 5.3955219268798828e+02,
       -1.1508604025843122e+03, 0., 9.3837761598678162e+02,
       3.0211390304565430e+02, 0., 0., 0., 1., 0. ]
Q:
   rows: 4
   cols: 4
   dt: d
   data: [ 1., 0., 0., -5.3955219268798828e+02, 0., 1., 0.,
       -3.0211390304565430e+02, 0., 0., 0., 9.3837761598678162e+02, 0.,
       0., 8.1537049487462565e-01, 0. ]
M1:
   rows: 3
   cols: 3
   dt: d
   data: [ 9.8199486975572279e+02, 0., 480., 0., 9.8422448461090687e+02,
       302., 0., 0., 1. ]
M2:
   rows: 3
   cols: 3
   dt: d
   data: [ 9.8860019735671119e+02, 0., 480., 0., 9.9134114444328088e+02,
       302., 0., 0., 1. ]
D1:
   rows: 5
   cols: 1
   dt: d
   data: [ -5.3578877214180853e-01, 1.7871859973601059e-01, 0., 0., 0. ]
D2:
   rows: 5
   cols: 1
   dt: d
   data: [ -5.5450702400413820e-01, 1.6672241103428787e-01, 0., 0., 0. ]
Tr_cam_to_imu:
   rows: 4
   cols: 4
   dt: d
   data: [ -4.8225822087181666e-02, -1.1798550872986864e-01,
       9.9182335920951081e-01, 4.4981006857675334e+00,
       -9.9867221469874645e-01, -1.1174208797137529e-02,
       -4.9888100335218788e-02, 6.4814991650452825e-01,
       1.6969594924766435e-02, -9.9295215659596625e-01,
       -1.1729466913685573e-01, 1.9343556495263570e+00, 0., 0., 0., 1. ]
