
type: stereo_camera
car: j7-00007
date: "20200428"
sensor_name: front_left_right_camera
upside_down: 0
height: 604
width: 960
R:
   rows: 3
   cols: 3
   dt: d
   data: [ 9.9958697670457208e-01, 7.0686404485272199e-03,
       2.7855166932245913e-02, -7.0183532703610163e-03,
       9.9997356094334011e-01, -1.9026643604786869e-03,
       -2.7867879718167447e-02, 1.7063811138389173e-03,
       9.9961015878366721e-01 ]
T:
   rows: 3
   cols: 1
   dt: d
   data: [ -1.2245329570079002e+00, 1.2961966312141748e-02,
       6.7060452010913041e-02 ]
R1:
   rows: 3
   cols: 3
   dt: d
   data: [ 9.9963362742151474e-01, -3.6041586410700483e-03,
       -2.6825751966984696e-02, 3.5793531845454926e-03,
       9.9999312106869909e-01, -9.7264899237540993e-04,
       2.6829073015750410e-02, 8.7627379972524989e-04,
       9.9963965156717527e-01 ]
P1:
   rows: 3
   cols: 4
   dt: d
   data: [ 9.3824138932675828e+02, 0., 5.2772339630126953e+02, 0., 0.,
       9.3824138932675828e+02, 3.0223165512084961e+02, 0., 0., 0., 1.,
       0. ]
R2:
   rows: 3
   cols: 3
   dt: d
   data: [ 9.9844804314582014e-01, -1.0568804886479341e-02,
       -5.4679113942654838e-02, 1.0619373352081645e-02,
       9.9994341165335610e-01, 6.3435057803514871e-04,
       5.4669315414511990e-02, -1.2140240188256873e-03,
       9.9850377670682366e-01 ]
P2:
   rows: 3
   cols: 4
   dt: d
   data: [ 9.3824138932675828e+02, 0., 5.2772339630126953e+02,
       -1.1506933292588981e+03, 0., 9.3824138932675828e+02,
       3.0223165512084961e+02, 0., 0., 0., 1., 0. ]
Q:
   rows: 4
   cols: 4
   dt: d
   data: [ 1., 0., 0., -5.2772339630126953e+02, 0., 1., 0.,
       -3.0223165512084961e+02, 0., 0., 0., 9.3824138932675828e+02, 0.,
       0., 8.1537049487462565e-01, 0. ]
M1:
   rows: 3
   cols: 3
   dt: d
   data: [ 9.8199486975572279e+02, 0., 480., 0., 9.8422448461090687e+02,
       302., 0., 0., 1. ]
D1:
   rows: 5
   cols: 1
   dt: d
   data: [ -5.3578877214180853e-01, 1.7871859973601059e-01, 0., 0., 0. ]
M2:
   rows: 3
   cols: 3
   dt: d
   data: [ 9.8860019735671119e+02, 0., 480., 0., 9.9134114444328088e+02,
       302., 0., 0., 1. ]
D2:
   rows: 5
   cols: 1
   dt: d
   data: [ -5.5450702400413820e-01, 1.6672241103428787e-01, 0., 0., 0. ]
Tr_cam_to_imu:
   rows: 4
   cols: 4
   dt: d
   data: [ -5.9191348277846105e-02, -1.2349470386587651e-01,
       9.9057833733942047e-01, 4.5000000000000000e+00,
       -9.9813605152059426e-01, -7.4494794658819651e-03,
       -6.0571675811101872e-02, 6.1226647850395011e-01,
       1.4859574150309389e-02, -9.9231726951251154e-01,
       -1.2282357136683730e-01, 1.9418285645004674e+00, 0., 0., 0., 1. ]
