
type: stereo_camera
car: j7-00006
date: "20200417"
sensor_name: front_left_right_camera
upside_down: 0
height: 510
width: 960
R:
   rows: 3
   cols: 3
   dt: d
   data: [ 9.9994093042581711e-01, 5.0079099771544525e-03,
       -9.6465795395022265e-03, -5.0084470111264531e-03,
       9.9998745715404636e-01, -3.1513821251993868e-05,
       9.6463007255611719e-03, 7.9826342206254508e-05,
       9.9995347017252123e-01 ]
T:
   rows: 3
   cols: 1
   dt: d
   data: [ -1.2161833984182138e+00, 3.5502226773002091e-02,
       8.0623411755345487e-02 ]
R1:
   rows: 3
   cols: 3
   dt: d
   data: [ 9.9683598564398035e-01, -2.4125315748239399e-02,
       -7.5736298201337274e-02, 2.4111601497519435e-02,
       9.9970867275062303e-01, -1.0955822254061995e-03,
       7.5740665421020356e-02, -7.3400765361109543e-04,
       9.9712728015752594e-01 ]
P1:
   rows: 3
   cols: 4
   dt: d
   data: [ 1.3428831850337590e+03, 0., 5.8026752090454102e+02, 0., 0.,
       1.3428831850337590e+03, 2.5697079658508301e+02, 0., 0., 0., 1.,
       0. ]
R2:
   rows: 3
   cols: 3
   dt: d
   data: [ 9.9738688178196655e-01, -2.9115226620832765e-02,
       -6.6118920348586949e-02, 2.9127196893075337e-02,
       9.9957540640627107e-01, -7.8314040251716119e-04,
       6.6113647988877880e-02, -1.1447648472867591e-03,
       9.9781144263986421e-01 ]
P2:
   rows: 3
   cols: 4
   dt: d
   data: [ 1.3428831850337590e+03, 0., 5.8026752090454102e+02,
       -1.6374711413239288e+03, 0., 1.3428831850337590e+03,
       2.5697079658508301e+02, 0., 0., 0., 1., 0. ]
Q:
   rows: 4
   cols: 4
   dt: d
   data: [ 1., 0., 0., -5.8026752090454102e+02, 0., 1., 0.,
       -2.5697079658508301e+02, 0., 0., 0., 1.3428831850337590e+03, 0.,
       0., 8.2009578742744149e-01, 0. ]
M1:
   rows: 3
   cols: 3
   dt: d
   data: [ 1.3102382216711167e+03, 0., 480., 0., 1.3109497424780011e+03,
       255., 0., 0., 1. ]
D1:
   rows: 5
   cols: 1
   dt: d
   data: [ -3.5528169934359705e-01, 2.5259050049177806e-01,
       1.5562425138150873e-03, -1.3470938408459494e-04, 0. ]
M2:
   rows: 3
   cols: 3
   dt: d
   data: [ 1.3153826482498753e+03, 0., 480., 0., 1.3158348876382611e+03,
       255., 0., 0., 1. ]
D2:
   rows: 5
   cols: 1
   dt: d
   data: [ -3.5161738875694498e-01, 2.2455126603550213e-01,
       1.1586991564673779e-03, -1.3961103212536334e-03, 0. ]
Tr_cam_to_imu:
   rows: 4
   cols: 4
   dt: d
   data: [ -7.0940368934147263e-02, -5.4860899868152513e-02,
       9.9597075545476910e-01, 4.5000000000000000e+00,
       -9.9742461103170843e-01, -6.6801578590055376e-03,
       -7.1411885311349482e-02, 6.0809169920910677e-01,
       1.0570951737463471e-02, -9.9847173690795898e-01,
       -5.4245572537183755e-02, 2.0600000000000001e+00, 0., 0., 0., 1. ]
