
type: stereo_camera
car: j7-00007
date: "20200820"
sensor_name: front_left_right_camera
upside_down: 0
height: 540
width: 960
R:
   rows: 3
   cols: 3
   dt: d
   data: [ 9.9963640669759901e-01, 1.5719561664625688e-02,
       2.1907756292786459e-02, -1.5726693642975176e-02,
       9.9987631615665507e-01, 1.5328423548617576e-04,
       -2.1902637096297278e-02, -4.9776507398622703e-04,
       9.9975998455537263e-01 ]
T:
   rows: 3
   cols: 1
   dt: d
   data: [ -1.1775439849720506e+00, 2.4199220177879066e-02,
       -8.0283833777838876e-04 ]
R1:
   rows: 3
   cols: 3
   dt: d
   data: [ 9.9973334944269743e-01, -4.8278025203710127e-03,
       2.2581459981800250e-02, 4.8231909267131522e-03,
       9.9998833488880423e-01, 2.5868049975155200e-04,
       -2.2582445424927274e-02, -1.4969682955597266e-04,
       9.9974497285532249e-01 ]
R2:
   rows: 3
   cols: 3
   dt: d
   data: [ 9.9978867127524640e-01, -2.0546244128717708e-02,
       6.8164644821767234e-04, 2.0546482650329038e-02,
       9.9978883929380180e-01, -3.4478145557874341e-04,
       -6.7441854731491516e-04, 3.5871403027538235e-04,
       9.9999970824189122e-01 ]
P1:
   rows: 3
   cols: 4
   dt: d
   data: [ 9.5262678921077520e+02, 0., 4.6183444213867188e+02, 0., 0.,
       9.5262678921077520e+02, 2.6466726684570312e+02, 0., 0., 0., 1.,
       0. ]
P2:
   rows: 3
   cols: 4
   dt: d
   data: [ 9.5262678921077520e+02, 0., 4.6183444213867188e+02,
       -1.1219970557653580e+03, 0., 9.5262678921077520e+02,
       2.6466726684570312e+02, 0., 0., 0., 1., 0. ]
Q:
   rows: 4
   cols: 4
   dt: d
   data: [ 1., 0., 0., -4.6183444213867188e+02, 0., 1., 0.,
       -2.6466726684570312e+02, 0., 0., 0., 9.5262678921077520e+02, 0.,
       0., 8.4904571212172331e-01, 0. ]
M1:
   rows: 3
   cols: 3
   dt: d
   data: [ 9.7642729271586120e+02, 0., 4.6558295989008059e+02, 0.,
       9.7642729271586120e+02, 2.6363523428987969e+02, 0., 0., 1. ]
M2:
   rows: 3
   cols: 3
   dt: d
   data: [ 9.7953476356998522e+02, 0., 4.9131334090434461e+02, 0.,
       9.7953476356998522e+02, 2.6964310613284118e+02, 0., 0., 1. ]
D1:
   rows: 5
   cols: 1
   dt: d
   data: [ -5.7344171760182150e-01, 3.2875910977361456e-01,
       3.5510836599336282e-04, 3.4815713185969177e-04, 0. ]
D2:
   rows: 5
   cols: 1
   dt: d
   data: [ -5.7067127637458082e-01, 3.1762874613249453e-01,
       -1.8179292461026903e-03, -3.0670297231262099e-04, 0. ]
Tr_cam_to_imu:
   rows: 4
   cols: 4
   dt: d
   data: [ -3.6864810713153639e-03, -1.0482521745096555e-01,
       9.9448382774365951e-01, 4.5000000000000000e+00,
       -9.9987441158458579e-01, -1.4942128447805139e-02,
       -5.2814634176981783e-03, 5.8877199248602530e-01,
       1.5413335644630079e-02, -9.9437840211049211e-01,
       -1.0475696874432239e-01, 1.8586371551545007e+00, 0., 0., 0., 1. ]
