
type: stereo_camera
car: j7-00007
date: '20190821'
sensor_name: front_left_right_camera
upside_down: 0
height: 510
width: 960
R:
  rows: 3
  cols: 3
  dt: d
  data: [0.9999144023021693, -0.006268520860718774, 0.011484498896965206, 0.006271849144732711,
    0.9999802995494528, -0.0002538134991674351, -0.011482681611948454, 0.00032582081790094586,
    0.9999340187551343]
T:
  rows: 3
  cols: 1
  dt: d
  data: [-1.1855986410412933, 0.008008944953636575, 0.14956807289834267]
R1:
  rows: 3
  cols: 3
  dt: d
  data: [0.9934242417255186, -0.012961654498142036, -0.11375531400663935, 0.012969770217419605,
    0.9999156653409835, -0.0006687796389970903, 0.11375438898163738, -0.0008109983779243809,
    0.9935085713113124]
R2:
  rows: 3
  cols: 3
  dt: d
  data: [0.9921140345208358, -0.006701919532590701, -0.12515920573960285, 0.0066929872287737535,
    0.999977480739413, -0.0004918699141574792, 0.12515968371941913, -0.00034969792058443946,
    0.9921365487082003]
P1:
  rows: 3
  cols: 4
  dt: d
  data: [1316.5203272188257, 0.0, 650.294548034668, 0.0, 0.0, 1316.5203272188257,
    256.4334526062012, 0.0, 0.0, 0.0, 1.0, 0.0]
P2:
  rows: 3
  cols: 4
  dt: d
  data: [1316.5203272188257, 0.0, 650.294548034668, -1573.2714753982223, 0.0, 1316.5203272188257,
    256.4334526062012, 0.0, 0.0, 0.0, 1.0, 0.0]
Q:
  rows: 4
  cols: 4
  dt: d
  data: [1.0, 0.0, 0.0, -650.294548034668, 0.0, 1.0, 0.0, -256.4334526062012, 0.0,
    0.0, 0.0, 1316.5203272188257, 0.0, 0.0, 0.8368042946215571, 0.0]
M1:
  rows: 3
  cols: 3
  dt: d
  data: [1310.2382216711167, 0.0, 480.0, 0.0, 1310.949742478001, 255.0, 0.0, 0.0,
    1.0]
D1:
  rows: 5
  cols: 1
  dt: d
  data: [-0.35528169934359705, 0.25259050049177806, 0.0015562425138150873, -0.00013470938408459494,
    0.0]
M2:
  rows: 3
  cols: 3
  dt: d
  data: [1315.3826482498753, 0.0, 480.0, 0.0, 1315.834887638261, 255.0, 0.0, 0.0,
    1.0]
D2:
  rows: 5
  cols: 1
  dt: d
  data: [-0.351617388756945, 0.22455126603550213, 0.001158699156467378, -0.0013961103212536334,
    0.0]
# using j7-00007_20190821_lidar.yml: velo_to_imu + j7-00007_20190821_front_left_right_camera.yml: cam_to_velo 
Tr_cam_to_imu:
    rows: 4
    cols: 4
    dt: d
    data: [ -0.128363, -0.101063, 0.986564, 4.583580,
      -0.991367, -0.013740, -0.130396, 0.617088,
      0.026734, -0.994785, -0.098427, 1.907893,
      0.000000, 0.000000, 0.000000, 1.000000 ]
