
type: stereo_camera
car: j7-00006
date: '20200401'
sensor_name: front_left_right_camera
upside_down: 0
height: 510
width: 960
R:
  rows: 3
  cols: 3
  dt: d
  data: [0.9999339592141908, 0.0065337511249862895, -0.00945448604999784, -0.006537447570671866,
    0.9999785658165732, -0.0003601203823266619, 0.009451930463856437, 0.00042190480655325546,
    0.9999552405017139]
T:
  rows: 3
  cols: 1
  dt: d
  data: [-1.190862447758975, 0.03578962101272476, 0.09957840254761816]
R1:
  rows: 3
  cols: 3
  dt: d
  data: [0.9954182340843328, -0.023461976794646764, -0.09269344581638911, 0.02342463292855841,
    0.999724493790483, -0.0014910021880806187, 0.09270289005522266, -0.0006871391780570459,
    0.995693578373969]
R2:
  rows: 3
  cols: 3
  dt: d
  data: [0.9960755700550656, -0.029935587623399536, -0.08329057169402625, 0.029969133642756416,
    0.9995504651429524, -0.0008477388808298538, 0.0832785072403352, -0.0016517342852994156,
    0.9965249429922324]
P1:
  rows: 3
  cols: 4
  dt: d
  data: [1352.7655536109232, 0.0, 604.7468643188477, 0.0, 0.0, 1352.7655536109232,
    257.3327884674072, 0.0, 0.0, 0.0, 1.0, 0.0]
P2:
  rows: 3
  cols: 4
  dt: d
  data: [1352.7655536109232, 0.0, 604.7468643188477, -1617.3046974016952, 0.0, 1352.7655536109232,
    257.3327884674072, 0.0, 0.0, 0.0, 1.0, 0.0]
Q:
  rows: 4
  cols: 4
  dt: d
  data: [1.0, 0.0, 0.0, -604.7468643188477, 0.0, 1.0, 0.0, -257.3327884674072, 0.0,
    0.0, 0.0, 1352.7655536109232, 0.0, 0.0, 0.8364320933366661, 0.0]
M1:
  rows: 3
  cols: 3
  dt: d
  data: [1310.2382216711167, 0.0, 480.0, 0.0, 1310.949742478001, 255.0, 0.0, 0.0,
    1.0]
D1:
  rows: 5
  cols: 1
  dt: d
  data: [-0.35528169934359705, 0.25259050049177806, 0.0015562425138150873, -0.00013470938408459494,
    0.0]
M2:
  rows: 3
  cols: 3
  dt: d
  data: [1315.3826482498753, 0.0, 480.0, 0.0, 1315.834887638261, 255.0, 0.0, 0.0,
    1.0]
D2:
  rows: 5
  cols: 1
  dt: d
  data: [-0.351617388756945, 0.22455126603550213, 0.001158699156467378, -0.0013961103212536334,
    0.0]
 
Tr_cam_to_imu:
    rows: 4
    cols: 4
    dt: d
    data: [-0.08691112639137695, -0.06476973699032496, 0.9941083126498774, 4.792509,
           -0.9961996664623058, -6.760379580464989e-05, -0.08709837016876645, 0.739551,
            0.00570854265242815, -0.9979001879692078, -0.06451769918203354, 1.927075,
            0, 0, 0, 1]
