
type: stereo_camera
car: j7-00004
date: '20191120'
sensor_name: front_left_right_camera
upside_down: 0
height: 772
width: 1032
R:
  rows: 3
  cols: 3
  dt: d
  data: [0.9991722656254304, -0.01700403985063162, -0.0369546510428981, 0.01695714834040418,
    0.9998549657192162, -0.0015819755961303528, 0.03697619132774178, 0.0009540206409474339,
    0.9993156914206397]
T:
  rows: 3
  cols: 1
  dt: d
  data: [-1.5218793837975775, 0.03796137310675742, 0.202712759059895]
R1:
  rows: 3
  cols: 3
  dt: d
  data: [0.9848225223567518, -0.041690181950438936, -0.168483020473353, 0.04163940860585723,
    0.9991253401142968, -0.0038359343640665196, 0.16849557593551073, -0.0032378187766240294,
    0.985697092122996]
R2:
  rows: 3
  cols: 3
  dt: d
  data: [0.9909424836456578, -0.024717817817560325, -0.13199251338054374, 0.02475753075278746,
    0.9996925866722688, -0.0013404564645247239, 0.1319850702814523, -0.001939493450981521,
    0.99124980685393]
P1:
  rows: 3
  cols: 4
  dt: d
  data: [1330.6044196300672, 0.0, 723.0023994445801, 0.0, 0.0, 1330.6044196300672,
    390.75962829589844, 0.0, 0.0, 0.0, 1.0, 0.0]
P2:
  rows: 3
  cols: 4
  dt: d
  data: [1330.6044196300672, 0.0, 723.0023994445801, -2043.5287291094164, 0.0, 1330.6044196300672,
    390.75962829589844, 0.0, 0.0, 0.0, 1.0, 0.0]
Q:
  rows: 4
  cols: 4
  dt: d
  data: [1.0, 0.0, 0.0, -1446.0047988891602, 0.0, 1.0, 0.0, -781.5192565917969, 0.0,
    0.0, 0.0, 2661.2088392601345, 0.0, 0.0, 0.6511307625266192, 0.0]
M1:
  rows: 3
  cols: 3
  dt: d
  data: [1234.2122947214573, 0.0, 516.0, 0.0, 1234.7075547613526, 386.0, 0.0, 0.0,
    1.0]
D1:
  rows: 5
  cols: 1
  dt: d
  data: [-0.20804439351914011, 0.20542292992553438, -0.00014271371692120997, 0.0006360565292750802,
    0.0]
M2:
  rows: 3
  cols: 3
  dt: d
  data: [1247.148571384622, 0.0, 516.0, 0.0, 1241.1346546732452, 386.0, 0.0, 0.0,
    1.0]
D2:
  rows: 5
  cols: 1
  dt: d
  data: [-0.3040628674192691, 0.9199775554861983, 0.0037270558312740205, 0.001795575808138791,
    0.0]
# using j7-00004_20191120_lidar.yml: velo_to_imu + j7-00004_20191120_front_left_right_camera.yml: cam_to_velo 
Tr_cam_to_imu:
    rows: 4
    cols: 4
    dt: d
    data: [ -0.189642, -0.143274, 0.971344, 4.372908,
      -0.980083, -0.031757, -0.196033, 0.881006,
      0.058933, -0.989173, -0.134398, 2.808803,
      0.000000, 0.000000, 0.000000, 1.000000 ]
