
type: stereo_camera
car: j7-00006
date: "20200925"
sensor_name: front_left_right_camera
upside_down: 0
height: 540
width: 960
source: highway_check_radar_stereo
R:
   rows: 3
   cols: 3
   dt: d
   data: [ 9.9995614423919876e-01, -9.1359666942284045e-03,
       -2.0600269020244208e-03, 9.0840850334768415e-03,
       9.9967246514091912e-01, -2.3925756794371630e-02,
       2.2779370886114149e-03, 2.3905994052555061e-02,
       9.9971161564272115e-01 ]
T:
   rows: 3
   cols: 1
   dt: d
   data: [ -1.1970324235198899e+00, -2.6815924967726557e-02,
       -5.8592555752852160e-02 ]
R1:
   rows: 3
   cols: 3
   dt: d
   data: [ 9.9882500919503436e-01, 1.4407994116100744e-02,
       4.6271056958856201e-02, -1.3869406154615873e-02,
       9.9983252525511446e-01, -1.1939891745702497e-02,
       -4.6435337615415399e-02, 1.1284110400523273e-02,
       9.9885756155370375e-01 ]
R2:
   rows: 3
   cols: 3
   dt: d
   data: [ 9.9855425438785295e-01, 2.2369616257452919e-02,
       4.8877411064960880e-02, -2.2978638053589965e-02,
       9.9966472533103656e-01, 1.1933948299926651e-02,
       -4.8594065863240637e-02, -1.3039831184394713e-02,
       9.9873348775614890e-01 ]
P1:
   rows: 3
   cols: 4
   dt: d
   data: [ 9.7106926716631369e+02, 0., 3.9746210479736328e+02, 0., 0.,
       9.7106926716631369e+02, 2.4906217193603516e+02, 0., 0., 0., 1.,
       0. ]
P2:
   rows: 3
   cols: 4
   dt: d
   data: [ 9.7106926716631369e+02, 0., 3.9746210479736328e+02,
       -1.1640843681491963e+03, 0., 9.7106926716631369e+02,
       2.4906217193603516e+02, 0., 0., 0., 1., 0. ]
Q:
   rows: 4
   cols: 4
   dt: d
   data: [ 1., 0., 0., -3.9746210479736328e+02, 0., 1., 0.,
       -2.4906217193603516e+02, 0., 0., 0., 9.7106926716631369e+02, 0.,
       0., 8.3419148451433833e-01, 0. ]
M1:
   rows: 3
   cols: 3
   dt: d
   data: [ 9.8149610314389975e+02, 0., 4.7053023731126723e+02, 0.,
       9.8149610314389975e+02, 2.4884136138061962e+02, 0., 0., 1. ]
M2:
   rows: 3
   cols: 3
   dt: d
   data: [ 9.8272182973474082e+02, 0., 4.7020857050653132e+02, 0.,
       9.8272182973474082e+02, 2.5952528229752164e+02, 0., 0., 1. ]
D1:
   rows: 5
   cols: 1
   dt: d
   data: [ -5.7138778930492307e-01, 2.8689787134741795e-01,
       3.1055328492696115e-03, -3.6043070779234331e-04, 0. ]
D2:
   rows: 5
   cols: 1
   dt: d
   data: [ -5.7062420305870631e-01, 2.8174029024933672e-01,
       -5.2156563386826006e-04, 8.8028187856470862e-04, 0. ]
Tr_cam_to_imu:
   rows: 4
   cols: 4
   dt: d
   data: [ 4.4359798534277448e-02, -1.2324447063040017e-01,
       9.9138438999867939e-01, 4.5000000000000000e+00,
       -9.9894031287158758e-01, 6.7124186094862639e-03,
       4.5532348461718303e-02, 5.9851621175994496e-01,
       -1.2266197211304555e-02, -9.9235363852583114e-01,
       -1.2281610851403028e-01, 1.9019666290731279e+00, 0., 0., 0., 1. ]
