
type: stereo_camera
car: j7-e0008
date: "20200622"
sensor_name: front_left_right_camera
upside_down: 0
height: 540
width: 960
R:
   rows: 3
   cols: 3
   dt: d
   data: [ 9.9988749793910714e-01, 1.0880431145381928e-02,
       1.0325099668431236e-02, -1.0962377009021571e-02,
       9.9990859769134832e-01, 7.9134413016078708e-03,
       -1.0238054277279040e-02, -8.0257386583740455e-03,
       9.9991538130163948e-01 ]
T:
   rows: 3
   cols: 1
   dt: d
   data: [ -1.2246846752302367e+00, -1.9211068099549866e-02,
       -8.3262407063339205e-02 ]
R1:
   rows: 3
   cols: 3
   dt: d
   data: [ 9.9659657601290874e-01, 2.5956789709348164e-02,
       7.8240077628613180e-02, -2.6339438376851355e-02,
       9.9964559467334446e-01, 3.8625168177266788e-03,
       -7.8112090391557115e-02, -5.9101707386376209e-03,
       9.9692706414085341e-01 ]
R2:
   rows: 3
   cols: 3
   dt: d
   data: [ 9.9757471450699742e-01, 1.5648498068435511e-02,
       6.7821924806694356e-02, -1.5420019202007324e-02,
       9.9987353341196405e-01, -3.8910397175280489e-03,
       -6.7874236526773976e-02, 2.8357874525120940e-03,
       9.9768985477724059e-01 ]
P1:
   rows: 3
   cols: 4
   dt: d
   data: [ 1.0200963069616100e+03, 0., 3.7963625717163086e+02,
       0., 0., 1.0200963069616100e+03,
       2.7042170715332031e+02, 0., 0., 0., 1., 0. ]
P2:
   rows: 3
   cols: 4
   dt: d
   data: [ 1.0199446345867510e+03, 0., 3.8030257415771484e+02,
       -1.2521473784337147e+03, 0., 1.0199446345867510e+03,
       2.7041780090332031e+02, 0., 0., 0., 1., 0. ]
Q:
   rows: 4
   cols: 4
   dt: d
   data: [ 1., 0., 0., -3.7963625717163086e+02, 0., 1., 0.,
       -2.7042170715332031e+02, 0., 0., 0., 1.0200963069616100e+03, 0.,
       0., 8.1455637902830480e-01, 0. ]
M1:
   rows: 3
   cols: 3
   dt: d
   data: [ 1.0230412728414609e+03, 0., 480., 0., 1.0240601292315498e+03,
       270., 0., 0., 1. ]
M2:
   rows: 3
   cols: 3
   dt: d
   data: [ 1.0239704880462376e+03, 0., 480., 0., 1.0230183049933360e+03,
       270., 0., 0., 1. ]
D1:
   rows: 5
   cols: 1
   dt: d
   data: [ -4.9811646829218936e-01, 6.2706599975044908e-01, 0., 0.,
       -7.3191706191907868e-01 ]
D2:
   rows: 5
   cols: 1
   dt: d
   data: [ -4.9798118064077312e-01, 4.7919539043110060e-01, 0., 0.,
       -1.0037026420457487e+00 ]
Tr_cam_to_imu:
   rows: 4
   cols: 4
   dt: d
   data: [ 4.9403020861740317e-02, -7.9058762323564596e-02,
       9.9564504399389830e-01, 4.5000000000000000e+00,
       -9.9864505600017839e-01, 1.2410803787665740e-02,
       5.0537353272109453e-02, 6.1234233761511836e-01,
       -1.6352175883971760e-02, -9.9679269863357911e-01,
       -7.8338510929488028e-02, 1.9174520158628807e+00, 0., 0., 0., 1. ]
