
type: stereo_camera
car: j7-e0008
date: "20200826"
sensor_name: front_left_right_camera_fullres
upside_down: 0
height: 1080
width: 1920
source: highway_check_radar_stereo
R:
   rows: 3
   cols: 3
   dt: d
   data: [ 9.9981321658924460e-01, 1.0807608633502179e-02,
       1.6022719154149732e-02, -1.0839623005025237e-02,
       9.9993942050665363e-01, 1.9125610907673035e-03,
       -1.6001078294184970e-02, -2.0858840912294737e-03,
       9.9986979881431604e-01 ]
T:
   rows: 3
   cols: 1
   dt: d
   data: [ -1.2104648333052539e+00, 1.2321042196566545e-02,
       -2.6314000426175044e-02 ]
R1:
   rows: 3
   cols: 3
   dt: d
   data: [ 9.9928786323823970e-01, 5.8394329950741514e-04,
       3.7728310258691312e-02, -6.2273237631485685e-04,
       9.9999928959530404e-01, 1.0163726062118090e-03,
       -3.7727689952349340e-02, -1.0391434502170095e-03,
       9.9928751697984763e-01 ]
R2:
   rows: 3
   cols: 3
   dt: d
   data: [ 9.9971203399289865e-01, -1.0175838088255848e-02,
       2.1732496611826413e-02, 1.0201269948309052e-02,
       9.9994740420388672e-01, -1.0596779466037561e-03,
       -2.1720570462655256e-02, 1.2810718599646214e-03,
       9.9976325981387537e-01 ]
P1:
   rows: 3
   cols: 4
   dt: d
   data: [ 1.9285002362499397e+03, 0., 8.7753408813476562e+02, 0., 0.,
       1.9285002362499397e+03, 4.9973039245605469e+02, 0., 0., 0., 1.,
       0. ]
P2:
   rows: 3
   cols: 4
   dt: d
   data: [ 1.9285002362499397e+03, 0., 8.7753408813476562e+02,
       -2.3350541332165340e+03, 0., 1.9285002362499397e+03,
       4.9973039245605469e+02, 0., 0., 0., 1., 0. ]
Q: !!opencv-matrix
   rows: 4
   cols: 4
   dt: d
   data: [ 1., 0., 0., -8.7753408813476562e+02, 0., 1., 0.,
       -4.9973039245605469e+02, 0., 0., 0., 1.9285002362499397e+03, 0.,
       0., 8.2589101846364199e-01, 0. ]
M1: !!opencv-matrix
   rows: 3
   cols: 3
   dt: d
   data: [ 1.9586183783135896e+03, 0., 9.5609437912079386e+02, 0.,
       1.9586183783135896e+03, 5.2202064860357643e+02, 0., 0., 1. ]
M2:
   rows: 3
   cols: 3
   dt: d
   data: [ 1.9605053972187525e+03, 0., 9.6847559391115169e+02, 0.,
       1.9605053972187525e+03, 4.9697900522985753e+02, 0., 0., 1. ]
D1: !!opencv-matrix
   rows: 5
   cols: 1
   dt: d
   data: [ -5.8231204516889834e-01, 3.0566727426380191e-01,
       9.5455495412042051e-04, -1.4716961630817365e-03, 0. ]
D2:
   rows: 5
   cols: 1
   dt: d
   data: [ -5.6862097618690488e-01, 2.8694096667966507e-01,
       2.2020764828882444e-03, -9.0550353236490855e-04, 0. ]
Tr_cam_to_imu:
   rows: 4
   cols: 4
   dt: d
   data: [ 1.6721655941154767e-02, -9.4041892781637340e-02,
       9.9542780181419588e-01, 4.5000000000000000e+00,
       -9.9980761182932099e-01, -1.1781724063051759e-02,
       1.5682165228644983e-02, 6.0523241665262695e-01,
       1.0253075184648887e-02, -9.9549852505172176e-01,
       -9.4220810170094024e-02, 1.8894045182216141e+00, 0., 0., 0., 1. ]
