
type: stereo_camera
car: j7-e0008
date: "20200408"
sensor_name: front_left_right_camera
upside_down: 0
height: 540
width: 960
R:
   rows: 3
   cols: 3
   dt: d
   data: [ 9.9988070971167908e-01, -1.2950104849268704e-02,
       -8.4179053726090459e-03, 1.2949412780414091e-02,
       9.9991614349281122e-01, -1.3671542115270552e-04,
       8.4189699555050693e-03, 2.7692180914111808e-05,
       9.9996455946099982e-01 ]
T:
   rows: 3
   cols: 1
   dt: d
   data: [ -1.2212278190839432e+00, -2.3492148478598651e-02,
       -6.9422484642802984e-02 ]
R1:
   rows: 3
   cols: 3
   dt: d
   data: [ 9.9881137503422968e-01, 6.2750660001424756e-03,
       4.8336949106510527e-02, -6.2661483054890794e-03,
       9.9998031104371543e-01, -3.3602132051335982e-04,
       -4.8338105958396320e-02, 3.2735425446540693e-05,
       9.9883102997491358e-01 ]
R2:
   rows: 3
   cols: 3
   dt: d
   data: [ 9.9820406791110661e-01, 1.9201952173755477e-02,
       5.6744372746868950e-02, -1.9212422094385336e-02,
       9.9981535918591902e-01, -3.6107229037317959e-04,
       -5.6740828712541477e-02, -7.2977301163344710e-04,
       9.9838867470958692e-01 ]
P1:
   rows: 3
   cols: 4
   dt: d
   data: [ 9.9457606893605441e+02, 0., 4.1809902191162109e+02,
       0., 0., 9.9457606893605441e+02,
       2.7049005126953125e+02, 0., 0., 0., 1., 0. ]
P2:
   rows: 3
   cols: 4
   dt: d
   data: [ 9.9451958235777602e+02, 0., 4.1892767333984375e+02,
       -1.2167201273189153e+03, 0., 9.9451958235777602e+02,
       2.7048714447021484e+02, 0., 0., 0., 1., 0. ]
Q:
   rows: 4
   cols: 4
   dt: d
   data: [ 1., 0., 0., -4.1809902191162109e+02, 0., 1., 0.,
       -2.7049005126953125e+02, 0., 0., 0., 9.9457606893605441e+02, 0.,
       0., 8.1737743958360776e-01, 0. ]
M1:
   rows: 3
   cols: 3
   dt: d
   data: [ 1.0230412728414609e+03, 0., 480., 0., 1.0240601292315498e+03,
       270., 0., 0., 1. ]
M2:
   rows: 3
   cols: 3
   dt: d
   data: [ 1.0239704880462376e+03, 0., 480., 0., 1.0230183049933360e+03,
       270., 0., 0., 1. ]
D1:
   rows: 5
   cols: 1
   dt: d
   data: [ -4.9811646829218936e-01, 6.2706599975044908e-01, 0., 0.,
       -7.3191706191907868e-01 ]
D2:
   rows: 5
   cols: 1
   dt: d
   data: [ -4.9798118064077312e-01, 4.7919539043110060e-01, 0., 0.,
       -1.0037026420457487e+00 ]
Tr_cam_to_imu:
   rows: 4
   cols: 4
   dt: d
   data: [ 4.3266152315543260e-02, -1.3465813511193556e-01,
       9.8994708278371346e-01, 4.5000000000000000e+00,
       -9.9889589343440111e-01, 1.2322479866594151e-02,
       4.5333437324041742e-02, 6.1061390954197159e-01,
       -1.8303163349628445e-02, -9.9081534147262562e-01,
       -1.3397732377052304e-01, 1.9800000000000000e+00, 0., 0., 0., 1. ]
