
type: stereo_camera
car: j7-l4e-00003
date: "20200929"
sensor_name: front_left_right_camera
upside_down: 0
height: 540
width: 960
R:
   rows: 3
   cols: 3
   dt: d
   data: [ 9.9987283383459524e-01, -1.5714824704671889e-02,
       2.7130138365946133e-03, 1.5718366808567117e-02,
       9.9987562765734606e-01, -1.2892485019534716e-03,
       -2.6924160984992574e-03, 1.3317286998054841e-03,
       9.9999548868693533e-01 ]
T:
   rows: 3
   cols: 1
   dt: d
   data: [ -1.2121236240714106e+00, 3.3840472034896152e-04,
       5.4810578070298988e-02 ]
R1:
   rows: 3
   cols: 3
   dt: d
   data: [ 9.9896936668169412e-01, -1.6037803575952764e-02,
       -4.2461668455611778e-02, 1.6025129167841035e-02,
       9.9987138526540920e-01, -6.3887603334012203e-04,
       4.2466453427725155e-02, -4.2236135269319800e-05,
       9.9909789237560698e-01 ]
R2:
   rows: 3
   cols: 3
   dt: d
   data: [ 9.9897916375577533e-01, -2.7889833828145485e-04,
       -4.5172476105797055e-02, 3.0855448743504627e-04,
       9.9999974144725468e-01, 6.4953795294971182e-04,
       4.5172283271273594e-02, -6.6281305127633187e-04,
       9.9897899152230374e-01 ]
P1:
   rows: 3
   cols: 4
   dt: d
   data: [ 9.6029307919300265e+02, 0., 5.4313937377929688e+02, 0., 0.,
       9.6029307919300265e+02, 2.9427012634277344e+02, 0., 0., 0., 1.,
       0. ]
P2:
   rows: 3
   cols: 4
   dt: d
   data: [ 9.6029307919300265e+02, 0., 5.4313937377929688e+02,
       -1.1651833887565276e+03, 0., 9.6029307919300265e+02,
       2.9427012634277344e+02, 0., 0., 0., 1., 0. ]
Q:
   rows: 4
   cols: 4
   dt: d
   data: [ 1., 0., 0., -5.4313937377929688e+02, 0., 1., 0.,
       -2.9427012634277344e+02, 0., 0., 0., 9.6029307919300265e+02, 0.,
       0., 8.2415617014401310e-01, 0. ]
M1:
   rows: 3
   cols: 3
   dt: d
   data: [ 9.7673413044899394e+02, 0., 4.7022021536073197e+02, 0.,
       9.7673413044899394e+02, 2.8404154285394605e+02, 0., 0., 1. ]
M2:
   rows: 3
   cols: 3
   dt: d
   data: [ 9.7748038983953370e+02, 0., 4.9437913239512807e+02, 0.,
       9.7748038983953370e+02, 2.9255586551598685e+02, 0., 0., 1. ]
D1:
   rows: 5
   cols: 1
   dt: d
   data: [ -5.6651042446492073e-01, 2.9472269459025047e-01,
       -4.9338195605612293e-04, 1.0049316600384665e-03, 0. ]
D2:
   rows: 5
   cols: 1
   dt: d
   data: [ -5.7556824921914118e-01, 3.2262265043910404e-01,
       -2.3213237127353986e-03, -8.9268233838761090e-04, 0. ]
Tr_cam_to_imu:
   rows: 4
   cols: 4
   dt: d
   data: [ -5.1452529490663916e-02, -1.0297584270113881e-01,
       9.9335220995828244e-01, 4.5000000000000000e+00,
       -9.9852350782908517e-01, -1.2045114487771739e-02,
       -5.2969043125919081e-02, 6.0606181203570553e-01,
       1.7419572948593077e-02, -9.9461092445084631e-01,
       -1.0220404806719668e-01, 1.8682401623366960e+00, 0., 0., 0., 1. ]
