
type: stereo_camera
car: volvo-jueying
date: '20190201'
sensor_name: front_left_right_camera
upside_down: 0
height: 772
width: 1032
R:
  rows: 3
  cols: 3
  dt: d
  data: [0.9991698656407171, 0.01691066348246193, -0.037062232206026266, -0.01659175823917021,
    0.9998227774127867, 0.008895354130857902, 0.03720609028161083, -0.008273042195189179,
    0.9992733678122282]
T:
  rows: 3
  cols: 1
  dt: d
  data: [-1.8616536590712611, -0.022424038904388866, -0.13795042019093967]
R1:
  rows: 3
  cols: 3
  dt: d
  data: [0.9989160092804905, 0.028261185124367986, 0.036987995599993925, -0.02843514495317345,
    0.9995868768963099, 0.004185459135311617, -0.03685442896899886, -0.005232681152865225,
    0.9993069448939709]
R2:
  rows: 3
  cols: 3
  dt: d
  data: [0.9971938324886409, 0.01201142499625735, 0.07389307217984385, -0.011662985124021146,
    0.9999187477156098, -0.0051451671346352725, -0.07394886898805952, 0.004268915132179806,
    0.9972528972828213]
P1:
  rows: 3
  cols: 4
  dt: d
  data: [1303.712394471494, 0.0, 441.6520462036133, 0.0, 0.0, 1303.712394471494, 386.0379829406738,
    0.0, 0.0, 0.0, 1.0, 0.0]
P2:
  rows: 3
  cols: 4
  dt: d
  data: [1303.712394471494, 0.0, 441.6520462036133, -2433.890854987873, 0.0, 1303.712394471494,
    386.0379829406738, 0.0, 0.0, 0.0, 1.0, 0.0]
Q:
  rows: 4
  cols: 4
  dt: d
  data: [1.0, 0.0, 0.0, -441.6520462036133, 0.0, 1.0, 0.0, -386.0379829406738, 0.0,
    0.0, 0.0, 1303.712394471494, 0.0, 0.0, 0.5356494897048248, 0.0]
M1:
  rows: 3
  cols: 3
  dt: d
  data: [1253.1046142426187, 0.0, 516.0, 0.0, 1253.0166810282037, 386.0, 0.0, 0.0,
    1.0]
D1:
  rows: 5
  cols: 1
  dt: d
  data: [-0.394634020790738, 0.35261054614859344, -0.0012762783408115043, 1.599686164308044e-05,
    0.0]
M2:
  rows: 3
  cols: 3
  dt: d
  data: [1245.5760720900441, 0.0, 516.0, 0.0, 1246.1970870231746, 386.0, 0.0, 0.0,
    1.0]
D2:
  rows: 5
  cols: 1
  dt: d
  data: [-0.1845932982960506, 0.25483712970433786, -0.0005561739440990412, -0.00019591790453089345,
    0.0]
# using volvo-jueying_20190604_lidar.yml: velo_to_imu + volvo-jueying_20190201_front_left_right_camera.yml: cam_to_velo 
Tr_cam_to_imu:
    rows: 4
    cols: 4
    dt: d
    data: [ 0.054683, -0.177036, 0.982684, 3.457186,
      -0.998461, -0.000582, 0.055456, 1.199143,
      -0.009246, -0.984204, -0.176795, 3.251279,
      0.000000, 0.000000, 0.000000, 1.000000 ]
